1.000000000000000000e+00,9.960341866627906438e-01,9.927025344872119073e-01,9.805498795736011797e-01,9.974100864987016646e-01,9.997957385143143583e-01,9.848870817730865923e-01,9.930686825577884624e-01,9.954751608701062349e-01,9.925738272454289746e-01,9.935005892087281909e-01,9.870210689880700716e-01,9.946945427172553256e-01,9.918815533420917152e-01,9.989828186971055901e-01,9.986711541385204782e-01,9.978147243868034089e-01,9.993525136779196627e-01,9.975948265048414365e-01,9.942747418547857041e-01,9.983245693564004597e-01,9.897098564126127762e-01,9.961006863784743759e-01,9.915897578097205844e-01,9.964531841489346897e-01,6.393042425973010090e-01,9.956864560545404252e-01,9.963392344674840695e-01,9.935728891023234421e-01,9.992480657114530818e-01,9.944186389934337456e-01,9.937579351428299512e-01,9.902381750500444113e-01,9.923116498922048834e-01,9.958743173751919420e-01,9.979864665663867873e-01,9.906600419271032187e-01,9.992348178225951560e-01,9.951005183278295307e-01,9.903130017001759988e-01,9.878447462152223357e-01,9.928199137243797212e-01,9.796682568237745636e-01,9.944062708961592945e-01,9.919221416803316593e-01,9.815796509516677704e-01,9.948075100024710293e-01,9.962459677608671571e-01,9.917829853294241049e-01,9.948628107311925373e-01,9.945982516675213603e-01,9.942086102304582562e-01,9.963920129630008393e-01,9.871682397558495525e-01,9.945869761633001627e-01,9.733604809386749990e-01,9.976299322512850454e-01,9.973483568827723467e-01,9.952933963258163708e-01,9.971931281761350352e-01
9.960341866627906438e-01,1.000000000000000000e+00,9.949265833749716403e-01,9.823951076046301134e-01,9.992331924503431440e-01,9.957971709933645110e-01,9.788469733626888880e-01,9.988691328055738783e-01,9.900940600846168671e-01,9.986751133050666418e-01,9.905971882261819239e-01,9.897548866248099264e-01,9.915921633371057586e-01,9.986901464834021525e-01,9.919006670743965026e-01,9.902315107994519305e-01,9.992455093622034656e-01,9.954142422182131744e-01,9.938177887929785514e-01,9.906948102912107590e-01,9.956348724501853376e-01,9.887256275955603746e-01,9.982137074636427965e-01,9.945301985140905243e-01,9.913870325326699096e-01,6.656492284614357047e-01,9.926370010729870241e-01,9.999113956222863697e-01,9.990463864062900656e-01,9.945065968453544736e-01,9.993191104257754809e-01,9.990838891600959393e-01,9.887530530193063827e-01,9.924626323596111854e-01,9.975412975128419291e-01,9.994375021207824172e-01,9.869293891563448717e-01,9.973265471435055485e-01,9.971117160897704501e-01,9.811751820525475010e-01,9.793750106328767968e-01,9.976909019115309807e-01,9.722412239153507274e-01,9.967485153617103855e-01,9.961711675266115007e-01,9.734869506205389156e-01,9.893449329578190010e-01,9.994980693552403261e-01,9.846235313540460110e-01,9.886104754683295859e-01,9.939618247548754892e-01,9.900997528889238231e-01,9.882220444983177421e-01,9.824325873520618480e-01,9.899803761208899600e-01,9.833529424519955597e-01,9.915251202581467638e-01,9.995667252036666284e-01,9.992087301838697977e-01,9.989550094438278682e-01
9.927025344872119073e-01,9.949265833749716403e-01,1.000000000000000000e+00,9.927854179409119073e-01,9.976736467032841782e-01,9.931902223891795334e-01,9.906788184305683753e-01,9.965412788521578191e-01,9.955207403766561658e-01,9.971813422320503495e-01,9.980007588803592178e-01,9.944164741848802169e-01,9.971126170558037849e-01,9.955702125191933094e-01,9.920599754244234791e-01,9.885669018550532483e-01,9.971583200361783250e-01,9.939291970427999168e-01,9.962743728185188274e-01,9.977001976891457513e-01,9.971986074427428015e-01,9.934157375604464324e-01,9.989440177158128709e-01,9.999450458358579708e-01,9.955610337326961101e-01,5.896275617614016307e-01,9.966406919644656970e-01,9.960400068242608596e-01,9.966651636629311195e-01,9.946791738508158343e-01,9.970140397461578763e-01,9.962677341134663633e-01,9.935937755744816968e-01,9.991974343906465661e-01,9.992659500058679312e-01,9.939783663423141791e-01,9.968291168431245852e-01,9.966502921318091124e-01,9.994077323321959305e-01,9.914571474461468803e-01,9.902122866893443565e-01,9.988723801780482470e-01,9.865606195333013195e-01,9.973195460443087246e-01,9.994255165027330357e-01,9.881723367013701687e-01,9.954948636565980058e-01,9.974294027267862628e-01,9.920649278495043966e-01,9.954412071631508763e-01,9.994818579235050793e-01,9.964082624992701698e-01,9.927011900383747589e-01,9.943123466761996099e-01,9.957077343712309458e-01,9.887032660850820776e-01,9.936672702526851975e-01,9.952350683171293788e-01,9.980379686555542751e-01,9.981447880951678231e-01
9.805498795736011797e-01,9.823951076046301134e-01,9.927854179409119073e-01,1.000000000000000000e+00,9.866556359741173177e-01,9.834455268810430306e-01,9.958545328333526792e-01,9.825422845721112353e-01,9.921146503899836988e-01,9.888581502223829922e-01,9.941670420796189234e-01,9.983700712202245864e-01,9.947406010592155789e-01,9.810519901873389070e-01,9.816991103565797516e-01,9.779598829905885582e-01,9.870620549601417659e-01,9.794723973502673653e-01,9.833308906961343299e-01,9.930055763391766321e-01,9.898942628933218302e-01,9.742093899934496370e-01,9.880447859557478507e-01,9.934418837202585451e-01,9.831606491201517750e-01,5.297893189968859717e-01,9.829130655918970616e-01,9.835331623810967816e-01,9.828803894085588189e-01,9.825222754351703447e-01,9.840352253355914014e-01,9.817760378979534241e-01,9.972630091111882589e-01,9.894959015105647682e-01,9.887129426707392810e-01,9.827141520085385107e-01,9.944277122494185051e-01,9.858027210536994822e-01,9.886412978029762710e-01,9.860027468341301393e-01,9.787413964228740548e-01,9.880628995301817818e-01,9.943478823850482318e-01,9.938693806817028298e-01,9.936268875235322318e-01,9.927448099653818359e-01,9.841600625424007376e-01,9.853341798314567690e-01,9.928945833606214189e-01,9.878134324607532601e-01,9.924177574338404195e-01,9.943704561909332273e-01,9.856517914002208558e-01,9.955487372335938279e-01,9.938804033614360156e-01,9.951847200690749906e-01,9.800256733240035878e-01,9.806524530515328131e-01,9.881770275567394179e-01,9.873553468726032900e-01
9.974100864987016646e-01,9.992331924503431440e-01,9.976736467032841782e-01,9.866556359741173177e-01,1.000000000000000000e+00,9.973698681367292318e-01,9.851877156904554900e-01,9.986413390021210423e-01,9.944093868289028970e-01,9.985544270872614980e-01,9.950588242988401833e-01,9.920616698512247922e-01,9.954633741850904549e-01,9.980137198124479081e-01,9.949887754122319627e-01,9.930075725882309134e-01,9.999050922235694916e-01,9.974187479303893156e-01,9.970291611133083043e-01,9.951797190035737151e-01,9.982430599006018035e-01,9.921978326270445292e-01,9.996555138183903511e-01,9.972299297476645563e-01,9.953971096345136660e-01,6.379085479614231557e-01,9.962121287519707380e-01,9.996099712875974319e-01,9.988636135699128227e-01,9.971639506019930321e-01,9.992621666084620102e-01,9.988033970013725504e-01,9.919692870160268239e-01,9.962016041833650082e-01,9.993856505560418935e-01,9.990289095899111960e-01,9.923299330869614909e-01,9.991220140174842390e-01,9.990738864507936468e-01,9.878316157724418289e-01,9.861797936408631671e-01,9.987210612752588368e-01,9.796055051517271739e-01,9.979589294464270566e-01,9.979024623194444610e-01,9.811615734742522577e-01,9.940487337786985123e-01,9.998332091070019079e-01,9.898618063259044808e-01,9.936254145124034931e-01,9.974236460097205548e-01,9.944188353326465224e-01,9.928549941876311236e-01,9.886014307284236580e-01,9.942086188814959202e-01,9.843680126497654781e-01,9.951123678126446714e-01,9.994256386871344100e-01,9.996594757155986555e-01,9.999708038918886377e-01
9.997957385143143583e-01,9.957971709933645110e-01,9.931902223891795334e-01,9.834455268810430306e-01,9.973698681367292318e-01,1.000000000000000000e+00,9.873971010996738240e-01,9.925147930812154851e-01,9.966243985450849996e-01,9.930005988176421328e-01,9.945335206888874513e-01,9.894704955641943078e-01,9.960241413414698819e-01,9.912507836691527574e-01,9.990194782942601881e-01,9.986992395945291090e-01,9.979475441062687358e-01,9.987050662079219876e-01,9.971316445012359253e-01,9.951651385474001854e-01,9.988730033327529734e-01,9.880884353078436266e-01,9.960334402481605398e-01,9.921942287553605633e-01,9.960480270389767687e-01,6.315167485248091017e-01,9.950515473113444864e-01,9.960828060647751725e-01,9.930584059140994402e-01,9.989710759320976630e-01,9.940454603654406140e-01,9.931280582439677707e-01,9.926365802107162128e-01,9.923264625788804638e-01,9.958473136396762682e-01,9.979815615271141471e-01,9.918890107378217635e-01,9.992072897945304399e-01,9.950234193157266871e-01,9.909924447238531720e-01,9.874511493290918374e-01,9.927555727400125818e-01,9.825769278183075217e-01,9.956490074185406769e-01,9.926953075301787610e-01,9.839187819511396871e-01,9.945468776918006126e-01,9.960254984159488956e-01,9.936284302718861872e-01,9.952398594049562952e-01,9.951046830361466311e-01,9.955795111293932464e-01,9.969189795987196678e-01,9.889899781365826259e-01,9.960067835634635047e-01,9.762210552803987085e-01,9.970484319313787092e-01,9.967369045132733474e-01,9.954466269020356695e-01,9.971776881672155257e-01
9.848870817730865923e-01,9.788469733626888880e-01,9.906788184305683753e-01,9.958545328333526792e-01,9.851877156904554900e-01,9.873971010996738240e-01,1.000000000000000000e+00,9.776797880870472524e-01,9.967961386328417772e-01,9.826478918163864540e-01,9.966356379184705405e-01,9.935473535948764479e-01,9.969761894333298846e-01,9.752381951082201850e-01,9.890262397767377589e-01,9.865407253976418156e-01,9.857607480555525825e-01,9.843736237055394911e-01,9.880734503048046458e-01,9.962804168945139649e-01,9.923880446892061613e-01,9.776020660837362319e-01,9.864404969045528215e-01,9.905153296924718020e-01,9.892005667018054504e-01,5.087239751274545974e-01,9.872095445369598599e-01,9.804584211192780563e-01,9.782940283107049995e-01,9.878898083993163937e-01,9.798610955564384106e-01,9.774413409985850398e-01,9.966721963408043949e-01,9.900502806065327732e-01,9.875560937120788640e-01,9.813697343088872982e-01,9.976239817060736925e-01,9.880507707593469968e-01,9.872302734487208298e-01,9.951694349035729026e-01,9.884743369042412464e-01,9.837555216234028510e-01,9.995460167801415441e-01,9.905679514328711299e-01,9.891072021662210556e-01,9.992554973036246180e-01,9.905330370786321614e-01,9.826297608558869356e-01,9.986588035081235271e-01,9.942900533175331734e-01,9.931378539601786182e-01,9.975945743284991840e-01,9.937311511102788764e-01,9.991780737574490479e-01,9.975109037059378680e-01,9.827694797136888871e-01,9.871814630461446249e-01,9.792864218266332799e-01,9.844476651121483179e-01,9.859594347761124755e-01
9.930686825577884624e-01,9.988691328055738783e-01,9.965412788521578191e-01,9.825422845721112353e-01,9.986413390021210423e-01,9.925147930812154851e-01,9.776797880870472524e-01,1.000000000000000000e+00,9.884210452726013285e-01,9.987738437667509350e-01,9.907527683976624644e-01,9.883753986595521512e-01,9.904153891788001207e-01,9.999174950372515802e-01,9.890869192158071588e-01,9.862051434543642747e-01,9.980359161570347970e-01,9.939327864839355708e-01,9.938190883794451036e-01,9.906773271842082007e-01,9.940586968380922261e-01,9.923547643400904006e-01,9.987500083161636732e-01,9.963454219236853593e-01,9.916333967089521195e-01,6.525731982744527038e-01,9.938045246754011464e-01,9.992054365860645326e-01,9.999892819432935065e-01,9.929242925097929717e-01,9.998964056445213133e-01,9.999661450305257215e-01,9.861768454902282155e-01,9.948537329929246775e-01,9.983052499109531519e-01,9.969805649966533290e-01,9.876069108976890387e-01,9.959034788602869614e-01,9.983103189382611653e-01,9.811235616955984451e-01,9.814105394244829750e-01,9.993030226259201898e-01,9.711064961626899583e-01,9.952988545014365140e-01,9.972111496204962844e-01,9.731626123005180373e-01,9.901030206873768780e-01,9.994172672659992207e-01,9.821994061984847812e-01,9.884419119009848487e-01,9.948253097084800434e-01,9.888803011894844452e-01,9.861907066563040392e-01,9.827485583131004843e-01,9.882749232343740475e-01,9.839780107346313143e-01,9.908248515478859098e-01,9.987668692529890757e-01,9.991622934035707670e-01,9.986311487486368987e-01
9.954751608701062349e-01,9.900940600846168671e-01,9.955207403766561658e-01,9.921146503899836988e-01,9.944093868289028970e-01,9.966243985450849996e-01,9.967961386328417772e-01,9.884210452726013285e-01,1.000000000000000000e+00,9.905232238770117492e-01,9.991681668833131136e-01,9.935584130510218825e-01,9.996244091325998671e-01,9.864990286331273284e-01,9.974892017388927723e-01,9.958770878609752852e-01,9.947957313074758945e-01,9.952412265656014334e-01,9.966760327599019087e-01,9.993747082999299147e-01,9.988195474280999742e-01,9.879932217221780721e-01,9.946783106937685526e-01,9.948824453460175521e-01,9.968996725936544179e-01,5.675825738953044208e-01,9.955146616401457926e-01,9.912228498079905803e-01,9.889713916739941713e-01,9.970893665077574797e-01,9.901669353205473367e-01,9.886116787611428647e-01,9.968527249387002520e-01,9.953795132332690088e-01,9.952509979126481499e-01,9.922772409665251425e-01,9.985277127481190229e-01,9.969400730322425241e-01,9.947793757343420529e-01,9.974069214075652612e-01,9.931366944931554475e-01,9.916927590912493207e-01,9.941975651346437459e-01,9.955478744426052851e-01,9.939977590287470965e-01,9.952120017446294264e-01,9.969690749330856194e-01,9.924951843937004359e-01,9.992014557384448770e-01,9.988251572006906498e-01,9.978105621387816093e-01,9.998007209574935050e-01,9.990056606301233044e-01,9.976820892693086806e-01,9.998703537357238602e-01,9.811524956434712896e-01,9.962773749681402835e-01,9.911947445469885265e-01,9.929401680370778527e-01,9.947794643405242221e-01
9.925738272454289746e-01,9.986751133050666418e-01,9.971813422320503495e-01,9.888581502223829922e-01,9.985544270872614980e-01,9.930005988176421328e-01,9.826478918163864540e-01,9.987738437667509350e-01,9.905232238770117492e-01,1.000000000000000000e+00,9.924311501607834263e-01,9.941214961754573087e-01,9.930348664315300500e-01,9.985978816812204339e-01,9.887890189383298223e-01,9.860254722607120215e-01,9.984350576595941718e-01,9.921183636844850273e-01,9.921010941461729793e-01,9.920088595500941020e-01,9.950615263792904619e-01,9.875148927170557256e-01,9.983792745915424094e-01,9.972726834054342904e-01,9.898632641462550286e-01,6.405003287624494446e-01,9.915142440940823976e-01,9.988339745346723753e-01,9.988608037031168063e-01,9.918810003781776130e-01,9.991086574227471262e-01,9.985787385919629999e-01,9.916590530546134374e-01,9.940586968731981443e-01,9.979295178709957082e-01,9.973530169780596699e-01,9.895257512225728025e-01,9.956618447773596392e-01,9.977596083943651717e-01,9.814436255628248285e-01,9.789323724577965180e-01,9.989714370290599943e-01,9.768228392611727484e-01,9.983231144996145279e-01,9.988180166853315445e-01,9.773585216424802713e-01,9.885026983926252786e-01,9.989546808121096966e-01,9.858509849644997436e-01,9.883959600754382846e-01,9.953922661129113170e-01,9.915023732462372452e-01,9.867067651475127654e-01,9.859747882988902923e-01,9.910657686262351884e-01,9.909154430864225427e-01,9.887695403081541157e-01,9.974890322937647325e-01,9.995929186185643633e-01,9.985336567431718491e-01
9.935005892087281909e-01,9.905971882261819239e-01,9.980007588803592178e-01,9.941670420796189234e-01,9.950588242988401833e-01,9.945335206888874513e-01,9.966356379184705405e-01,9.907527683976624644e-01,9.991681668833131136e-01,9.924311501607834263e-01,1.000000000000000000e+00,9.944910568763615233e-01,9.995383804541675410e-01,9.890231570436631703e-01,9.952473139536385238e-01,9.925463456304526311e-01,9.949867441855343442e-01,9.942281431282763426e-01,9.968280435214205148e-01,9.999402702605523219e-01,9.982710019028426807e-01,9.908611868149643787e-01,9.961887232932923331e-01,9.976467224701949243e-01,9.970619818242183463e-01,5.600041293769987272e-01,9.965752690288277593e-01,9.919756711350897760e-01,9.911300755055135747e-01,9.959962689156097726e-01,9.920172067726648057e-01,9.906704754067994223e-01,9.962859126416260258e-01,9.979899654447542678e-01,9.968759842415885197e-01,9.915146544434433329e-01,9.996792648556868111e-01,9.964464572763911399e-01,9.967576036123325656e-01,9.970800512225574952e-01,9.941180347654574589e-01,9.943888570590873055e-01,9.939748437847438778e-01,9.960206000982047003e-01,9.964318993128222779e-01,9.953208508139004262e-01,9.974914380044415108e-01,9.936714319953319219e-01,9.977652453669425547e-01,9.987425805245835342e-01,9.993337070577150705e-01,9.995500739934946033e-01,9.973246888207177863e-01,9.985962659662006580e-01,9.992059422401047275e-01,9.847141841597985001e-01,9.955435468941822297e-01,9.915788932158424718e-01,9.943473901287561700e-01,9.956240036599072196e-01
9.870210689880700716e-01,9.897548866248099264e-01,9.944164741848802169e-01,9.983700712202245864e-01,9.920616698512247922e-01,9.894704955641943078e-01,9.935473535948764479e-01,9.883753986595521512e-01,9.935584130510218825e-01,9.941214961754573087e-01,9.944910568763615233e-01,1.000000000000000000e+00,9.960908019656793400e-01,9.873203774624386142e-01,9.862221579181187359e-01,9.835102659868968367e-01,9.927496124796111321e-01,9.849566578977154707e-01,9.865904925678651294e-01,9.935753036824019890e-01,9.935421738399196068e-01,9.762830410763466693e-01,9.921691398373757576e-01,9.948596007710795996e-01,9.854630272745306119e-01,5.756394090078215120e-01,9.853132185569308810e-01,9.902298294273248480e-01,9.887442896198666009e-01,9.870513277391989027e-01,9.898509724021244960e-01,9.878961842030966611e-01,9.988487751422517880e-01,9.902652589916594028e-01,9.922818436954875532e-01,9.902953900809895460e-01,9.933347928062271626e-01,9.907552127781906748e-01,9.918904785687655545e-01,9.847972307330613573e-01,9.773191230363154069e-01,9.918971967056187111e-01,9.906017691590385255e-01,9.979390107219757722e-01,9.962217189044832999e-01,9.888672883901895583e-01,9.853424579318692533e-01,9.910249043557998183e-01,9.931427833577664011e-01,9.885582669229387998e-01,9.938309261507086712e-01,9.952836169877742334e-01,9.877149574136827592e-01,9.932845043851495914e-01,9.951183586270684334e-01,9.962650078195908199e-01,9.834924778607958551e-01,9.876579490554543428e-01,9.933192582417235128e-01,9.923408221316840638e-01
9.946945427172553256e-01,9.915921633371057586e-01,9.971126170558037849e-01,9.947406010592155789e-01,9.954633741850904549e-01,9.960241413414698819e-01,9.969761894333298846e-01,9.904153891788001207e-01,9.996244091325998671e-01,9.930348664315300500e-01,9.995383804541675410e-01,9.960908019656793400e-01,1.000000000000000000e+00,9.887351002979080095e-01,9.959922247199459733e-01,9.939180889384544582e-01,9.957885415783741534e-01,9.943434914661557489e-01,9.960225785845036039e-01,9.994742213948976106e-01,9.988762729252030903e-01,9.877554874848906152e-01,9.958770872437610056e-01,9.967442973818391172e-01,9.959408234512735492e-01,5.702047131517763434e-01,9.950528384419911054e-01,9.926337804817385591e-01,9.908837588083792003e-01,9.961571611153691164e-01,9.919705198851355155e-01,9.904196315679161255e-01,9.981224556367634948e-01,9.962145690674796272e-01,9.963648582268509468e-01,9.931153120655412669e-01,9.988090489399343852e-01,9.969228878694944562e-01,9.959917970784816221e-01,9.958732915844344946e-01,9.913759462651172694e-01,9.937213350523497191e-01,9.942045947173601128e-01,9.973465724267119858e-01,9.962497049757860212e-01,9.948004829217200751e-01,9.960123557204220157e-01,9.938818154694143425e-01,9.986454119541353647e-01,9.979175709033024644e-01,9.985781392825248126e-01,9.999193708097449118e-01,9.975200476575669661e-01,9.979685068481635168e-01,9.998439675841982455e-01,9.860161836785432676e-01,9.948764380100527660e-01,9.920454105324025829e-01,9.947038438062025811e-01,9.958485468940907470e-01
9.918815533420917152e-01,9.986901464834021525e-01,9.955702125191933094e-01,9.810519901873389070e-01,9.980137198124479081e-01,9.912507836691527574e-01,9.752381951082201850e-01,9.999174950372515802e-01,9.864990286331273284e-01,9.985978816812204339e-01,9.890231570436631703e-01,9.873203774624386142e-01,9.887351002979080095e-01,1.000000000000000000e+00,9.873390338593073245e-01,9.843982651121041538e-01,9.973756680488420345e-01,9.926907198640416707e-01,9.923743010661668640e-01,9.889025724227072933e-01,9.926975719150243904e-01,9.912204688784194140e-01,9.980389802319703518e-01,9.954295888049342622e-01,9.899465549139282450e-01,6.596688326902830912e-01,9.923785929022116425e-01,9.989195609861603042e-01,9.998681915316978142e-01,9.914711458602842864e-01,9.996925801018153868e-01,9.998607471263762925e-01,9.846296995851125944e-01,9.935987214469680362e-01,9.974875666874034597e-01,9.965114036818314425e-01,9.856370193194483598e-01,9.947985042750453477e-01,9.975071785112776812e-01,9.785608497992736021e-01,9.789902415994757856e-01,9.988875835607553544e-01,9.683455590467605623e-01,9.945109883099036985e-01,9.965440468251238748e-01,9.703534635165761424e-01,9.882559932066024011e-01,9.989969987651936556e-01,9.799108561073919255e-01,9.864134184230759494e-01,9.934991673534506740e-01,9.870400225247120130e-01,9.840512618081875829e-01,9.805114443962098525e-01,9.864034659145908268e-01,9.836969452835747640e-01,9.891396265113080455e-01,9.983795137132175368e-01,9.987396176470522136e-01,9.979552244626721524e-01
9.989828186971055901e-01,9.919006670743965026e-01,9.920599754244234791e-01,9.816991103565797516e-01,9.949887754122319627e-01,9.990194782942601881e-01,9.890262397767377589e-01,9.890869192158071588e-01,9.974892017388927723e-01,9.887890189383298223e-01,9.952473139536385238e-01,9.862221579181187359e-01,9.959922247199459733e-01,9.873390338593073245e-01,1.000000000000000000e+00,9.996231163984464763e-01,9.953845600062791732e-01,9.988210822274887768e-01,9.981365218031901243e-01,9.961233593369319683e-01,9.983153097135479825e-01,9.898961625448208235e-01,9.942299027015432111e-01,9.908149549657463417e-01,9.979120111917846314e-01,6.077520958326098066e-01,9.964158773145782577e-01,9.926738750069791228e-01,9.896861273029204931e-01,9.994737214866299402e-01,9.907507914768849400e-01,9.897899025374731208e-01,9.908801589340279214e-01,9.927963814902728279e-01,9.944348320135460995e-01,9.945889257340418954e-01,9.934015644900791031e-01,9.982974912768426412e-01,9.937062586337714887e-01,9.949206310454796753e-01,9.923250049424336972e-01,9.901673750430670662e-01,9.850009983980728689e-01,9.924976974431918286e-01,9.901137670383144407e-01,9.871985176543441876e-01,9.969666955741479653e-01,9.931979304883378212e-01,9.950030673948050408e-01,9.975151244104346615e-01,9.950281106874275805e-01,9.960654719897831244e-01,9.990229764922436972e-01,9.908431131732897690e-01,9.964471897155731117e-01,9.703951108046205976e-01,9.988467985895088663e-01,9.939783380698532511e-01,9.923034521405892372e-01,9.950054725850999704e-01
9.986711541385204782e-01,9.902315107994519305e-01,9.885669018550532483e-01,9.779598829905885582e-01,9.930075725882309134e-01,9.986992395945291090e-01,9.865407253976418156e-01,9.862051434543642747e-01,9.958770878609752852e-01,9.860254722607120215e-01,9.925463456304526311e-01,9.835102659868968367e-01,9.939180889384544582e-01,9.843982651121041538e-01,9.996231163984464763e-01,1.000000000000000000e+00,9.936904036134314167e-01,9.978706330054254448e-01,9.962512863386301376e-01,9.936146495103487242e-01,9.968088360008818816e-01,9.863834480389713777e-01,9.916085829636246407e-01,9.871250896743213321e-01,9.959169398829683661e-01,6.162914998950769219e-01,9.939193712704480488e-01,9.907873980957775384e-01,9.869058086885550418e-01,9.984416444971849769e-01,9.881351947933845192e-01,9.871039865524996459e-01,9.890458202083254324e-01,9.891702772054981052e-01,9.916842074638313465e-01,9.936694253260093257e-01,9.903525776692844174e-01,9.969380937656170394e-01,9.907183597368488526e-01,9.927740857987834566e-01,9.894674494522540664e-01,9.868218938648188887e-01,9.823809015585067694e-01,9.903902942147878585e-01,9.867310602941384845e-01,9.844065117394620312e-01,9.946326134503246097e-01,9.909517966521240728e-01,9.935771560829416149e-01,9.954444616139153101e-01,9.920713923241154530e-01,9.940400100649977588e-01,9.980222634753395106e-01,9.877733808596139697e-01,9.946962353570175663e-01,9.660715224876211815e-01,9.975154313729360789e-01,9.923664987756382061e-01,9.898369678424240314e-01,9.928628988593330984e-01
9.978147243868034089e-01,9.992455093622034656e-01,9.971583200361783250e-01,9.870620549601417659e-01,9.999050922235694916e-01,9.979475441062687358e-01,9.857607480555525825e-01,9.980359161570347970e-01,9.947957313074758945e-01,9.984350576595941718e-01,9.949867441855343442e-01,9.927496124796111321e-01,9.957885415783741534e-01,9.973756680488420345e-01,9.953845600062791732e-01,9.936904036134314167e-01,1.000000000000000000e+00,9.973529170210083672e-01,9.966400183476646912e-01,9.951114315114223396e-01,9.984890172233575889e-01,9.906666898787961362e-01,9.992773227550745263e-01,9.966984629848433253e-01,9.949496124985096612e-01,6.394195532260698034e-01,9.955007099096366829e-01,9.995088519848115416e-01,9.983109678763583128e-01,9.972019739291398954e-01,9.988277380547447848e-01,9.982377193645483038e-01,9.929045664560135487e-01,9.953660353696788254e-01,9.989564574574202327e-01,9.994014937005316623e-01,9.921672538334324054e-01,9.992031427096760288e-01,9.985284589498206742e-01,9.876752464368162565e-01,9.852634468503557175e-01,9.981016040329605543e-01,9.802520160354699641e-01,9.983794072254090768e-01,9.976137880371428457e-01,9.814687602186572546e-01,9.935047104477217061e-01,9.995825475814614780e-01,9.905811661556168657e-01,9.934521167248427931e-01,9.970735167144627598e-01,9.947554707236283544e-01,9.931614029005589872e-01,9.886578731584680924e-01,9.946727073001909725e-01,9.847208597815886311e-01,9.948494743981629584e-01,9.992534472248778554e-01,9.994929234635494542e-01,9.998146691012955722e-01
9.993525136779196627e-01,9.954142422182131744e-01,9.939291970427999168e-01,9.794723973502673653e-01,9.974187479303893156e-01,9.987050662079219876e-01,9.843736237055394911e-01,9.939327864839355708e-01,9.952412265656014334e-01,9.921183636844850273e-01,9.942281431282763426e-01,9.849566578977154707e-01,9.943434914661557489e-01,9.926907198640416707e-01,9.988210822274887768e-01,9.978706330054254448e-01,9.973529170210083672e-01,1.000000000000000000e+00,9.991722431289797868e-01,9.950675223908157507e-01,9.980488459628739095e-01,9.940437273847242405e-01,9.968805825361074513e-01,9.927780475512355540e-01,9.983837325134907736e-01,6.303613232594976745e-01,9.980690617383471963e-01,9.960975422696685122e-01,9.943352394227131796e-01,9.997531867112027237e-01,9.949375163203454386e-01,9.945640713391137311e-01,9.880395913912535244e-01,9.946881024907987534e-01,9.968674600278607523e-01,9.967065590803378949e-01,9.917864531882641943e-01,9.992547142057055520e-01,9.963742021895442003e-01,9.921017934951592565e-01,9.915955800073659177e-01,9.939126498957581157e-01,9.791839685550938199e-01,9.930177562514833634e-01,9.922519210993342442e-01,9.820936169311402786e-01,9.970880951288949579e-01,9.964829417257845545e-01,9.909223309781647338e-01,9.962643787041765009e-01,9.957476436206448289e-01,9.939687854066547867e-01,9.966975648285466560e-01,9.878758886970210318e-01,9.940554343810112936e-01,9.713063641667052384e-01,9.991517057894730991e-01,9.974548702017561608e-01,9.952424333883679308e-01,9.973893454993619789e-01
9.975948265048414365e-01,9.938177887929785514e-01,9.962743728185188274e-01,9.833308906961343299e-01,9.970291611133083043e-01,9.971316445012359253e-01,9.880734503048046458e-01,9.938190883794451036e-01,9.966760327599019087e-01,9.921010941461729793e-01,9.968280435214205148e-01,9.865904925678651294e-01,9.960225785845036039e-01,9.923743010661668640e-01,9.981365218031901243e-01,9.962512863386301376e-01,9.966400183476646912e-01,9.991722431289797868e-01,1.000000000000000000e+00,9.974627198795206207e-01,9.983112607577225850e-01,9.964965754146336563e-01,9.975154507922269209e-01,9.953158219155527897e-01,9.997853189330754287e-01,6.030873508576130027e-01,9.996955314391119396e-01,9.949785852644541517e-01,9.941496736956830782e-01,9.994344853026759790e-01,9.946770745284839732e-01,9.942097961928026972e-01,9.892874036999748100e-01,9.976543581168779706e-01,9.978666481381391895e-01,9.945892710043567897e-01,9.953052933353728760e-01,9.988175348317424040e-01,9.976729042631017341e-01,9.953372629279240158e-01,9.954689633236325497e-01,9.950530528959071752e-01,9.836742718665925089e-01,9.932148369798448062e-01,9.939593107311212039e-01,9.868375770521616852e-01,9.992496685208622775e-01,9.960910951567391036e-01,9.928104409746293380e-01,9.984363644143260386e-01,9.979546389817726126e-01,9.958596861307595915e-01,9.975968830954844435e-01,9.919520805653916362e-01,9.956255374134208580e-01,9.739344596740141524e-01,9.996160772138963369e-01,9.960918538204983630e-01,9.951986496619079636e-01,9.973071595191177474e-01
9.942747418547857041e-01,9.906948102912107590e-01,9.977001976891457513e-01,9.930055763391766321e-01,9.951797190035737151e-01,9.951651385474001854e-01,9.962804168945139649e-01,9.906773271842082007e-01,9.993747082999299147e-01,9.920088595500941020e-01,9.999402702605523219e-01,9.935753036824019890e-01,9.994742213948976106e-01,9.889025724227072933e-01,9.961233593369319683e-01,9.936146495103487242e-01,9.951114315114223396e-01,9.950675223908157507e-01,9.974627198795206207e-01,1.000000000000000000e+00,9.985351006583009781e-01,9.914979954055618272e-01,9.962118502244911022e-01,9.972324356045044746e-01,9.977416162119974175e-01,5.625758809878090849e-01,9.971391079003806279e-01,9.920749995821139811e-01,9.910756224713632712e-01,9.967448662476003918e-01,9.919723698787155097e-01,9.906789027047968599e-01,9.957760406757305560e-01,9.979670560956713787e-01,9.968950718001572397e-01,9.917934146813054408e-01,9.995533166849830398e-01,9.968842325853513042e-01,9.967394828844166055e-01,9.976112266186177857e-01,9.948842440351935990e-01,9.941359746738086534e-01,9.935457992496363744e-01,9.956398869880164204e-01,9.959187379270053597e-01,9.951106633598194584e-01,9.980976759950409560e-01,9.937285676817650959e-01,9.978632339763066073e-01,9.992111661117275556e-01,9.992813899716521675e-01,9.995411795023918522e-01,9.980097137904805349e-01,9.983209606156855376e-01,9.992492688923181321e-01,9.829685837778441293e-01,9.964425533216068054e-01,9.919262892035803914e-01,9.942008433478627394e-01,9.957176690499185412e-01
9.983245693564004597e-01,9.956348724501853376e-01,9.971986074427428015e-01,9.898942628933218302e-01,9.982430599006018035e-01,9.988730033327529734e-01,9.923880446892061613e-01,9.940586968380922261e-01,9.988195474280999742e-01,9.950615263792904619e-01,9.982710019028426807e-01,9.935421738399196068e-01,9.988762729252030903e-01,9.926975719150243904e-01,9.983153097135479825e-01,9.968088360008818816e-01,9.984890172233575889e-01,9.980488459628739095e-01,9.983112607577225850e-01,9.985351006583009781e-01,1.000000000000000000e+00,9.909394592100476684e-01,9.980166218544122003e-01,9.965530647514798668e-01,9.976652579199284387e-01,6.043263758773027572e-01,9.971115472949149128e-01,9.963591975000997136e-01,9.944944323766730099e-01,9.988746430049585401e-01,9.953736094222767061e-01,9.943212430580756767e-01,9.956708752848545396e-01,9.965073615951310915e-01,9.981643956909717064e-01,9.969942392696603539e-01,9.965456103586660674e-01,9.994934321383202036e-01,9.976864067218588206e-01,9.943538561959497368e-01,9.911722755457706979e-01,9.956708878873359314e-01,9.883445224598469414e-01,9.976996483395609294e-01,9.964342495868407923e-01,9.896425187963530101e-01,9.969602115292325317e-01,9.970348926422168967e-01,9.963024481083825323e-01,9.977911316503672579e-01,9.985598243634865590e-01,9.985233477395230040e-01,9.979084671936958584e-01,9.943086969915287954e-01,9.985590629925391593e-01,9.825396311563008300e-01,9.974612003909716362e-01,9.964252572847089873e-01,9.970601775172488468e-01,9.983750150384037569e-01
9.897098564126127762e-01,9.887256275955603746e-01,9.934157375604464324e-01,9.742093899934496370e-01,9.921978326270445292e-01,9.880884353078436266e-01,9.776020660837362319e-01,9.923547643400904006e-01,9.879932217221780721e-01,9.875148927170557256e-01,9.908611868149643787e-01,9.762830410763466693e-01,9.877554874848906152e-01,9.912204688784194140e-01,9.898961625448208235e-01,9.863834480389713777e-01,9.906666898787961362e-01,9.940437273847242405e-01,9.964965754146336563e-01,9.914979954055618272e-01,9.909394592100476684e-01,1.000000000000000000e+00,9.942306718000686327e-01,9.925408467831267068e-01,9.964527812093972869e-01,5.984030178050219195e-01,9.980709728785419621e-01,9.904627525632710983e-01,9.923522267042041989e-01,9.934699803711520838e-01,9.921172947954755017e-01,9.925358115091095224e-01,9.773242003222120111e-01,9.965944949108560547e-01,9.947911600081876804e-01,9.872290366228141378e-01,9.896471937721237344e-01,9.927192967645696031e-01,9.952755167850859674e-01,9.895112018552102429e-01,9.943674101945852994e-01,9.932961369059967183e-01,9.724894622138591238e-01,9.849604816206268820e-01,9.899100168282776169e-01,9.777167894717828656e-01,9.963177708411651290e-01,9.923183890719673439e-01,9.818237301240949622e-01,9.930991718968927850e-01,9.939567034991620975e-01,9.874244411394115239e-01,9.894615075957018391e-01,9.847184817798605438e-01,9.864426433808844985e-01,9.658512551242929289e-01,9.953159970960092640e-01,9.920406175453593267e-01,9.908221785458239950e-01,9.927810921429602864e-01
9.961006863784743759e-01,9.982137074636427965e-01,9.989440177158128709e-01,9.880447859557478507e-01,9.996555138183903511e-01,9.960334402481605398e-01,9.864404969045528215e-01,9.987500083161636732e-01,9.946783106937685526e-01,9.983792745915424094e-01,9.961887232932923331e-01,9.921691398373757576e-01,9.958770872437610056e-01,9.980389802319703518e-01,9.942299027015432111e-01,9.916085829636246407e-01,9.992773227550745263e-01,9.968805825361074513e-01,9.975154507922269209e-01,9.962118502244911022e-01,9.980166218544122003e-01,9.942306718000686327e-01,1.000000000000000000e+00,9.986003194122505811e-01,9.962115697846942730e-01,6.232853805936388047e-01,9.973008961272520345e-01,9.989024987597153737e-01,9.989037254766145457e-01,9.968090903621851240e-01,9.991896162104129120e-01,9.987711204756093419e-01,9.917498953815986340e-01,9.980055994766600103e-01,9.999452502876895466e-01,9.975289658923608416e-01,9.939750938539400060e-01,9.986606833790041549e-01,9.998558071939216418e-01,9.893719335413992955e-01,9.885408913397120134e-01,9.994566405453167990e-01,9.812043304262635379e-01,9.975486071387994480e-01,9.986949595910376010e-01,9.831177316326590310e-01,9.953018046194226365e-01,9.995833479238552810e-01,9.901393333594965540e-01,9.946382100288239103e-01,9.985343372341443091e-01,9.949350369422373941e-01,9.929362313620134772e-01,9.903775412698953007e-01,9.944856852513340728e-01,9.851391534256771498e-01,9.953523181082942761e-01,9.986565080447684650e-01,9.995178827395211352e-01,9.998179569387254384e-01
9.915897578097205844e-01,9.945301985140905243e-01,9.999450458358579708e-01,9.934418837202585451e-01,9.972299297476645563e-01,9.921942287553605633e-01,9.905153296924718020e-01,9.963454219236853593e-01,9.948824453460175521e-01,9.972726834054342904e-01,9.976467224701949243e-01,9.948596007710795996e-01,9.967442973818391172e-01,9.954295888049342622e-01,9.908149549657463417e-01,9.871250896743213321e-01,9.966984629848433253e-01,9.927780475512355540e-01,9.953158219155527897e-01,9.972324356045044746e-01,9.965530647514798668e-01,9.925408467831267068e-01,9.986003194122505811e-01,1.000000000000000000e+00,9.945476513256615858e-01,5.874808628291684487e-01,9.957667360799845602e-01,9.956406370286031704e-01,9.964442675752038792e-01,9.935914449361233913e-01,9.967718794291350326e-01,9.959906019241114850e-01,9.936140664102346420e-01,9.988840963533929251e-01,9.989213657937466850e-01,9.933747147989817616e-01,9.965251242064597781e-01,9.958710917876888447e-01,9.991049740510856703e-01,9.905057105301589004e-01,9.890958271915668565e-01,9.988177664133737199e-01,9.864405175292279004e-01,9.973002230848524441e-01,9.995757590943157300e-01,9.878648401304751525e-01,9.945436924250461441e-01,9.970676759175329806e-01,9.914842886033127245e-01,9.945842780086293633e-01,9.991637909838424481e-01,9.959773624847327866e-01,9.916106068375530880e-01,9.941166446296260117e-01,9.952195172931730394e-01,9.899875966190264664e-01,9.924414131168312059e-01,9.946034382778695671e-01,9.978596177355200103e-01,9.977261825017609276e-01
9.964531841489346897e-01,9.913870325326699096e-01,9.955610337326961101e-01,9.831606491201517750e-01,9.953971096345136660e-01,9.960480270389767687e-01,9.892005667018054504e-01,9.916333967089521195e-01,9.968996725936544179e-01,9.898632641462550286e-01,9.970619818242183463e-01,9.854630272745306119e-01,9.959408234512735492e-01,9.899465549139282450e-01,9.979120111917846314e-01,9.959169398829683661e-01,9.949496124985096612e-01,9.983837325134907736e-01,9.997853189330754287e-01,9.977416162119974175e-01,9.976652579199284387e-01,9.964527812093972869e-01,9.962115697846942730e-01,9.945476513256615858e-01,1.000000000000000000e+00,5.881385304448527584e-01,9.996577674945608116e-01,9.927902328449769165e-01,9.919914141692737219e-01,9.989557549006062853e-01,9.925829399088973437e-01,9.920190482742013982e-01,9.887369447830948177e-01,9.975404818190883871e-01,9.967710726416990630e-01,9.923861376716573979e-01,9.960129563770435679e-01,9.978024347425142881e-01,9.966310206117194870e-01,9.968852267741161732e-01,9.971794931447502952e-01,9.934672128259250945e-01,9.853188578185972935e-01,9.916645430666466421e-01,9.926569948209108540e-01,9.887077184317265566e-01,9.998068374047236473e-01,9.942223797042799571e-01,9.934819848950193766e-01,9.991082587532658099e-01,9.976760944393218145e-01,9.960263398929162237e-01,9.981227477836163153e-01,9.930173513206674851e-01,9.957574278062263362e-01,9.719326494103283087e-01,9.996701167019239609e-01,9.940573377671847455e-01,9.933313040156639406e-01,9.957974450480763240e-01
6.393042425973010090e-01,6.656492284614357047e-01,5.896275617614016307e-01,5.297893189968859717e-01,6.379085479614231557e-01,6.315167485248091017e-01,5.087239751274545974e-01,6.525731982744527038e-01,5.675825738953044208e-01,6.405003287624494446e-01,5.600041293769987272e-01,5.756394090078215120e-01,5.702047131517763434e-01,6.596688326902830912e-01,6.077520958326098066e-01,6.162914998950769219e-01,6.394195532260698034e-01,6.303613232594976745e-01,6.030873508576130027e-01,5.625758809878090849e-01,6.043263758773027572e-01,5.984030178050219195e-01,6.232853805936388047e-01,5.874808628291684487e-01,5.881385304448527584e-01,1.000000000000000000e+00,5.948474582086491491e-01,6.574301851903281424e-01,6.522251162670456015e-01,6.152525413111380459e-01,6.499840659977537127e-01,6.556311518379164260e-01,5.675911262087931508e-01,5.776215011848199188e-01,6.155149035523861389e-01,6.621229087125407586e-01,5.390329767238603020e-01,6.251003772389481794e-01,6.124984447447233693e-01,5.284490804959189880e-01,5.325878590233983356e-01,6.243978305538987472e-01,4.836236516866668778e-01,6.142728391575272839e-01,6.031589677469479938e-01,4.851341118296067512e-01,5.725606793277141504e-01,6.448835622365549636e-01,5.434457035595998686e-01,5.618927416331094271e-01,5.815278414735944867e-01,5.623497261933898539e-01,5.725772533105046858e-01,5.176930811613394967e-01,5.648522739573885731e-01,5.756938564137039638e-01,6.008529268671477519e-01,6.605924519165042863e-01,6.373043937498408251e-01,6.326688758454604988e-01
