1.000000000000000000e+00,9.960341866627673291e-01,9.927025344874136348e-01,9.805498795736554696e-01,9.974100864987273107e-01,9.997957385143115827e-01,9.848870817731132377e-01,9.930686825577573762e-01,9.954751608700767029e-01,9.925738272454625033e-01,9.935005892087984680e-01,9.870210689880529742e-01,9.946945427172524390e-01,9.918815533421031505e-01,9.989828186971021484e-01,9.986711541384966084e-01,9.978147243868181748e-01,9.993525136779092266e-01,9.975948265047817065e-01,9.942747418546743488e-01,9.983245693564117840e-01,9.897098564125282882e-01,9.961006863784576115e-01,9.915897578096579679e-01,9.964531841489062680e-01,6.393042425970706377e-01,9.956864560545255483e-01,9.963392344674949497e-01,9.935728891023505316e-01,9.992480657114640730e-01,9.944186389935256720e-01,9.937579351427663354e-01,9.902381750500478530e-01,9.923116498922545103e-01,9.958743173752726552e-01,9.979864665663855661e-01,9.906600419270307212e-01,9.992348178225808342e-01,9.951005183278764932e-01,9.903130017002572671e-01,9.878447462150474756e-01,9.928199137243152173e-01,9.796682568237756739e-01,9.944062708961431962e-01,9.919221416803259972e-01,9.815796509516769852e-01,9.948075100024893480e-01,9.962459677608032083e-01,9.917829853294337639e-01,9.948628107311578983e-01,9.945982516675181406e-01,9.942086102305238704e-01,9.963920129629851852e-01,9.871682397558300126e-01,9.945869761633076012e-01,9.733604809386131596e-01,9.976299322512802714e-01,9.973483568827286039e-01,9.952933963258674410e-01,9.971931281762025367e-01
9.960341866627673291e-01,1.000000000000000000e+00,9.949265833751548271e-01,9.823951076046704145e-01,9.992331924503624618e-01,9.957971709933214344e-01,9.788469733626965485e-01,9.988691328055924190e-01,9.900940600846173112e-01,9.986751133050985052e-01,9.905971882262456507e-01,9.897548866248109256e-01,9.915921633371085342e-01,9.986901464834478936e-01,9.919006670743903964e-01,9.902315107993506782e-01,9.992455093622042428e-01,9.954142422182146177e-01,9.938177887929732224e-01,9.906948102911774523e-01,9.956348724501815628e-01,9.887256275955833562e-01,9.982137074636634466e-01,9.945301985140978518e-01,9.913870325326865629e-01,6.656492284609388799e-01,9.926370010730245497e-01,9.999113956222968058e-01,9.990463864063410249e-01,9.945065968453565830e-01,9.993191104258550839e-01,9.990838891600920535e-01,9.887530530193411327e-01,9.924626323597117716e-01,9.975412975129247517e-01,9.994375021207687615e-01,9.869293891563367671e-01,9.973265471435058815e-01,9.971117160898422815e-01,9.811751820526234402e-01,9.793750106328147353e-01,9.976909019115337562e-01,9.722412239153560565e-01,9.967485153617099414e-01,9.961711675266429200e-01,9.734869506205637846e-01,9.893449329578734019e-01,9.994980693552304452e-01,9.846235313540137035e-01,9.886104754683370244e-01,9.939618247549109054e-01,9.900997528889364796e-01,9.882220444983162988e-01,9.824325873520802777e-01,9.899803761208835207e-01,9.833529424519857898e-01,9.915251202581629730e-01,9.995667252036634087e-01,9.992087301839098767e-01,9.989550094438709449e-01
9.927025344874136348e-01,9.949265833751548271e-01,1.000000000000000000e+00,9.927854179409580926e-01,9.976736467033611166e-01,9.931902223893650516e-01,9.906788184306514200e-01,9.965412788521909038e-01,9.955207403768695507e-01,9.971813422321117448e-01,9.980007588803894159e-01,9.944164741851072575e-01,9.971126170559356794e-01,9.955702125192170682e-01,9.920599754246535174e-01,9.885669018551488385e-01,9.971583200362836852e-01,9.939291970429438017e-01,9.962743728185955439e-01,9.977001976892638790e-01,9.971986074428583757e-01,9.934157375602915563e-01,9.989440177158673828e-01,9.999450458358489779e-01,9.955610337327420734e-01,5.896275617617902087e-01,9.966406919644638096e-01,9.960400068243597804e-01,9.966651636629612065e-01,9.946791738509271896e-01,9.970140397461780823e-01,9.962677341135195430e-01,9.935937755748658340e-01,9.991974343906085965e-01,9.992659500058865829e-01,9.939783663425322269e-01,9.968291168431713256e-01,9.966502921319705388e-01,9.994077323322081430e-01,9.914571474461690848e-01,9.902122866892453246e-01,9.988723801780544642e-01,9.865606195334216677e-01,9.973195460445181126e-01,9.994255165027706722e-01,9.881723367014405568e-01,9.954948636566106623e-01,9.974294027269122731e-01,9.920649278496108670e-01,9.954412071632268155e-01,9.994818579235338341e-01,9.964082624992884885e-01,9.927011900385646070e-01,9.943123466762571194e-01,9.957077343713589546e-01,9.887032660852137500e-01,9.936672702527692413e-01,9.952350683172951351e-01,9.980379686556024588e-01,9.981447880952030172e-01
9.805498795736554696e-01,9.823951076046704145e-01,9.927854179409580926e-01,1.000000000000000000e+00,9.866556359741207594e-01,9.834455268810856632e-01,9.958545328333578972e-01,9.825422845720741538e-01,9.921146503900382108e-01,9.888581502223829922e-01,9.941670420796198115e-01,9.983700712202903116e-01,9.947406010592355630e-01,9.810519901873147042e-01,9.816991103566506949e-01,9.779598829905696844e-01,9.870620549601545335e-01,9.794723973502923453e-01,9.833308906961069074e-01,9.930055763391493207e-01,9.898942628933377064e-01,9.742093899932994239e-01,9.880447859557267565e-01,9.934418837201876018e-01,9.831606491201224651e-01,5.297893189969381522e-01,9.829130655918502102e-01,9.835331623811062185e-01,9.828803894085433868e-01,9.825222754351853327e-01,9.840352253355962864e-01,9.817760378979126790e-01,9.972630091113479089e-01,9.894959015105296851e-01,9.887129426707403912e-01,9.827141520086026816e-01,9.944277122493713206e-01,9.858027210537319007e-01,9.886412978029606169e-01,9.860027468341330259e-01,9.787413964227102969e-01,9.880628995301177220e-01,9.943478823850646631e-01,9.938693806817590071e-01,9.936268875235076958e-01,9.927448099653778391e-01,9.841600625423750914e-01,9.853341798314527722e-01,9.928945833606276361e-01,9.878134324607358296e-01,9.924177574338119978e-01,9.943704561909185724e-01,9.856517914002672631e-01,9.955487372335729557e-01,9.938804033614564437e-01,9.951847200690753237e-01,9.800256733240008122e-01,9.806524530515572380e-01,9.881770275567390849e-01,9.873553468726030680e-01
9.974100864987273107e-01,9.992331924503624618e-01,9.976736467033611166e-01,9.866556359741207594e-01,1.000000000000000000e+00,9.973698681367411112e-01,9.851877156904543797e-01,9.986413390020877356e-01,9.944093868289322069e-01,9.985544270872619421e-01,9.950588242988506193e-01,9.920616698512624287e-01,9.954633741850974493e-01,9.980137198124328091e-01,9.949887754122729300e-01,9.930075725881839510e-01,9.999050922235708239e-01,9.974187479303985304e-01,9.970291611132758858e-01,9.951797190035317486e-01,9.982430599006044680e-01,9.921978326269275117e-01,9.996555138183698119e-01,9.972299297476027169e-01,9.953971096344862435e-01,6.379085479613072485e-01,9.962121287519360990e-01,9.996099712875982091e-01,9.988636135699061613e-01,9.971639506019963628e-01,9.992621666084798848e-01,9.988033970013300289e-01,9.919692870161409548e-01,9.962016041833562374e-01,9.993856505560571035e-01,9.990289095899453908e-01,9.923299330869128632e-01,9.991220140174978948e-01,9.990738864507932027e-01,9.878316157724568169e-01,9.861797936407125098e-01,9.987210612752005501e-01,9.796055051517322809e-01,9.979589294464580318e-01,9.979024623194243659e-01,9.811615734742474837e-01,9.940487337786845234e-01,9.998332091069844774e-01,9.898618063258938227e-01,9.936254145123821768e-01,9.974236460096997936e-01,9.944188353326336438e-01,9.928549941876553264e-01,9.886014307284031188e-01,9.942086188815012493e-01,9.843680126497507121e-01,9.951123678126382321e-01,9.994256386871400721e-01,9.996594757156019861e-01,9.999708038918929676e-01
9.997957385143115827e-01,9.957971709933214344e-01,9.931902223893650516e-01,9.834455268810856632e-01,9.973698681367411112e-01,1.000000000000000000e+00,9.873971010996915876e-01,9.925147930811512031e-01,9.966243985450345955e-01,9.930005988176598963e-01,9.945335206889412971e-01,9.894704955641613342e-01,9.960241413414516742e-01,9.912507836691349938e-01,9.990194782942468654e-01,9.986992395945195611e-01,9.979475441062739538e-01,9.987050662078941210e-01,9.971316445011427776e-01,9.951651385472494171e-01,9.988730033327555269e-01,9.880884353077006299e-01,9.960334402481150207e-01,9.921942287552572015e-01,9.960480270389165947e-01,6.315167485246833134e-01,9.950515473112933051e-01,9.960828060647717308e-01,9.930584059141008835e-01,9.989710759320972189e-01,9.940454603655174415e-01,9.931280582438686277e-01,9.926365802107025571e-01,9.923264625788917881e-01,9.958473136397368863e-01,9.979815615271070417e-01,9.918890107377124066e-01,9.992072897944984655e-01,9.950234193157462270e-01,9.909924447239167877e-01,9.874511493288610220e-01,9.927555727399081098e-01,9.825769278182938660e-01,9.956490074185087025e-01,9.926953075301436780e-01,9.839187819511274746e-01,9.945468776917879561e-01,9.960254984158537495e-01,9.936284302718971784e-01,9.952398594048925684e-01,9.951046830361128803e-01,9.955795111294598598e-01,9.969189795986879155e-01,9.889899781365345532e-01,9.960067835634625055e-01,9.762210552803074481e-01,9.970484319313512867e-01,9.967369045132038474e-01,9.954466269020733060e-01,9.971776881672739234e-01
9.848870817731132377e-01,9.788469733626965485e-01,9.906788184306514200e-01,9.958545328333578972e-01,9.851877156904543797e-01,9.873971010996915876e-01,1.000000000000000000e+00,9.776797880869988466e-01,9.967961386328573203e-01,9.826478918163850107e-01,9.966356379184814207e-01,9.935473535949033153e-01,9.969761894333309948e-01,9.752381951081940947e-01,9.890262397767738412e-01,9.865407253976121726e-01,9.857607480555545809e-01,9.843736237055412674e-01,9.880734503047536865e-01,9.962804168944459082e-01,9.923880446892092699e-01,9.776020660835914589e-01,9.864404969045199589e-01,9.905153296923893125e-01,9.892005667017632620e-01,5.087239751274402755e-01,9.872095445369096778e-01,9.804584211192763910e-01,9.782940283106904555e-01,9.878898083993183921e-01,9.798610955564588387e-01,9.774413409985238665e-01,9.966721963409023166e-01,9.900502806065106798e-01,9.875560937120928529e-01,9.813697343089197167e-01,9.976239817060041926e-01,9.880507707593524369e-01,9.872302734487125031e-01,9.951694349035880016e-01,9.884743369040578376e-01,9.837555216233248023e-01,9.995460167801405449e-01,9.905679514328924462e-01,9.891072021661890812e-01,9.992554973036117394e-01,9.905330370786069594e-01,9.826297608558508534e-01,9.986588035081198633e-01,9.942900533174970912e-01,9.931378539601448674e-01,9.975945743284988509e-01,9.937311511102937533e-01,9.991780737574151861e-01,9.975109037059426420e-01,9.827694797136558025e-01,9.871814630461289708e-01,9.792864218266233989e-01,9.844476651121525368e-01,9.859594347761224675e-01
9.930686825577573762e-01,9.988691328055924190e-01,9.965412788521909038e-01,9.825422845720741538e-01,9.986413390020877356e-01,9.925147930811512031e-01,9.776797880869988466e-01,1.000000000000000000e+00,9.884210452726371887e-01,9.987738437667241786e-01,9.907527683976414812e-01,9.883753986595825713e-01,9.904153891787867980e-01,9.999174950372520243e-01,9.890869192158161516e-01,9.862051434541977413e-01,9.980359161569928306e-01,9.939327864839319071e-01,9.938190883794508768e-01,9.906773271842319595e-01,9.940586968380503707e-01,9.923547643400784102e-01,9.987500083161623410e-01,9.963454219236813625e-01,9.916333967089522305e-01,6.525731982739947368e-01,9.938045246754044770e-01,9.992054365860387755e-01,9.999892819432903979e-01,9.929242925097593320e-01,9.998964056445009962e-01,9.999661450305281640e-01,9.861768454903484526e-01,9.948537329929532103e-01,9.983052499109472677e-01,9.969805649966433370e-01,9.876069108976907041e-01,9.959034788602902921e-01,9.983103189382658282e-01,9.811235616955843453e-01,9.814105394244414526e-01,9.993030226259171922e-01,9.711064961626737491e-01,9.952988545014572752e-01,9.972111496204951742e-01,9.731626123005071571e-01,9.901030206873812078e-01,9.994172672660183165e-01,9.821994061983976287e-01,9.884419119009871801e-01,9.948253097084800434e-01,9.888803011893839701e-01,9.861907066563168067e-01,9.827485583130997071e-01,9.882749232343361889e-01,9.839780107346505211e-01,9.908248515478782492e-01,9.987668692530144998e-01,9.991622934035361281e-01,9.986311487485876048e-01
9.954751608700767029e-01,9.900940600846173112e-01,9.955207403768695507e-01,9.921146503900382108e-01,9.944093868289322069e-01,9.966243985450345955e-01,9.967961386328573203e-01,9.884210452726371887e-01,1.000000000000000000e+00,9.905232238770559361e-01,9.991681668833950480e-01,9.935584130510203282e-01,9.996244091326075276e-01,9.864990286331921654e-01,9.974892017388815590e-01,9.958770878608661503e-01,9.947957313074818897e-01,9.952412265656068735e-01,9.966760327599094582e-01,9.993747082999050457e-01,9.988195474281001962e-01,9.879932217222402446e-01,9.946783106938043018e-01,9.948824453460465289e-01,9.968996725936872805e-01,5.675825738947506416e-01,9.955146616402065218e-01,9.912228498080082328e-01,9.889713916740636712e-01,9.970893665077649182e-01,9.901669353206457025e-01,9.886116787611538559e-01,9.968527249387234557e-01,9.953795132334011253e-01,9.952509979127520667e-01,9.922772409665052695e-01,9.985277127481264614e-01,9.969400730322450777e-01,9.947793757344366439e-01,9.974069214076611845e-01,9.931366944931192542e-01,9.916927590912726354e-01,9.941975651346547371e-01,9.955478744426028426e-01,9.939977590287962794e-01,9.952120017446672851e-01,9.969690749331617807e-01,9.924951843936979934e-01,9.992014557384123474e-01,9.988251572007108559e-01,9.978105621388358992e-01,9.998007209575168197e-01,9.990056606301219722e-01,9.976820892693417653e-01,9.998703537357204185e-01,9.811524956434679590e-01,9.962773749681678170e-01,9.911947445469884155e-01,9.929401680371315875e-01,9.947794643405813986e-01
9.925738272454625033e-01,9.986751133050985052e-01,9.971813422321117448e-01,9.888581502223829922e-01,9.985544270872619421e-01,9.930005988176598963e-01,9.826478918163850107e-01,9.987738437667241786e-01,9.905232238770559361e-01,1.000000000000000000e+00,9.924311501607887553e-01,9.941214961755092672e-01,9.930348664315431506e-01,9.985978816812070002e-01,9.887890189383826689e-01,9.860254722606640598e-01,9.984350576595977245e-01,9.921183636845025688e-01,9.921010941461511079e-01,9.920088595500710094e-01,9.950615263792960130e-01,9.875148927169420388e-01,9.983792745915278655e-01,9.972726834053797784e-01,9.898632641462338233e-01,6.405003287623456387e-01,9.915142440940513113e-01,9.988339745346768161e-01,9.988608037031103670e-01,9.918810003781842743e-01,9.991086574227578954e-01,9.985787385919305814e-01,9.916590530547512161e-01,9.940586968731867090e-01,9.979295178710054781e-01,9.973530169781043009e-01,9.895257512225353880e-01,9.956618447773833980e-01,9.977596083943623961e-01,9.814436255628337102e-01,9.789323724576590724e-01,9.989714370290099232e-01,9.768228392611830735e-01,9.983231144996582707e-01,9.988180166853157793e-01,9.773585216424786060e-01,9.885026983926122890e-01,9.989546808121065880e-01,9.858509849644895295e-01,9.883959600754251840e-01,9.953922661128934424e-01,9.915023732462151518e-01,9.867067651475482926e-01,9.859747882988759704e-01,9.910657686262447363e-01,9.909154430864225427e-01,9.887695403081526724e-01,9.974890322937847165e-01,9.995929186185644744e-01,9.985336567431702948e-01
9.935005892087984680e-01,9.905971882262456507e-01,9.980007588803894159e-01,9.941670420796198115e-01,9.950588242988506193e-01,9.945335206889412971e-01,9.966356379184814207e-01,9.907527683976414812e-01,9.991681668833950480e-01,9.924311501607887553e-01,1.000000000000000000e+00,9.944910568764531167e-01,9.995383804542031791e-01,9.890231570436486264e-01,9.952473139537310054e-01,9.925463456304326471e-01,9.949867441855551053e-01,9.942281431283184201e-01,9.968280435214160740e-01,9.999402702605595383e-01,9.982710019028681048e-01,9.908611868148275992e-01,9.961887232932860048e-01,9.976467224701421888e-01,9.970619818242048016e-01,5.600041293770482431e-01,9.965752690287933424e-01,9.919756711351095380e-01,9.911300755055055811e-01,9.959962689156344195e-01,9.920172067726652498e-01,9.906704754067808816e-01,9.962859126418247557e-01,9.979899654447228485e-01,9.968759842415884087e-01,9.915146544435259335e-01,9.996792648556619421e-01,9.964464572764429873e-01,9.967576036123220184e-01,9.970800512225579393e-01,9.941180347653190141e-01,9.943888570590424525e-01,9.939748437847744089e-01,9.960206000982850805e-01,9.964318993128099544e-01,9.953208508139076427e-01,9.974914380044237472e-01,9.936714319953549035e-01,9.977652453669528798e-01,9.987425805245845334e-01,9.993337070576989722e-01,9.995500739934705114e-01,9.973246888207865091e-01,9.985962659661954399e-01,9.992059422401363689e-01,9.847141841598255896e-01,9.955435468941934429e-01,9.915788932158932090e-01,9.943473901287577243e-01,9.956240036599033338e-01
9.870210689880529742e-01,9.897548866248109256e-01,9.944164741851072575e-01,9.983700712202903116e-01,9.920616698512624287e-01,9.894704955641613342e-01,9.935473535949033153e-01,9.883753986595825713e-01,9.935584130510203282e-01,9.941214961755092672e-01,9.944910568764531167e-01,1.000000000000000000e+00,9.960908019656917745e-01,9.873203774625021190e-01,9.862221579181141839e-01,9.835102659868162345e-01,9.927496124796278965e-01,9.849566578977246856e-01,9.865904925678644632e-01,9.935753036823620210e-01,9.935421738399304870e-01,9.762830410763890798e-01,9.921691398374090642e-01,9.948596007710983624e-01,9.854630272745589226e-01,5.756394090073363445e-01,9.853132185569848378e-01,9.902298294273497170e-01,9.887442896199373221e-01,9.870513277392156670e-01,9.898509724022346301e-01,9.878961842030985485e-01,9.988487751422718830e-01,9.902652589917866344e-01,9.922818436955990196e-01,9.902953900809797760e-01,9.933347928062252752e-01,9.907552127781963369e-01,9.918904785688609227e-01,9.847972307331662734e-01,9.773191230362576754e-01,9.918971967056313677e-01,9.906017691590552898e-01,9.979390107219762163e-01,9.962217189045302623e-01,9.888672883902299704e-01,9.853424579319438603e-01,9.910249043557898263e-01,9.931427833577524122e-01,9.885582669229548980e-01,9.938309261507595194e-01,9.952836169878194195e-01,9.877149574136836474e-01,9.932845043851797895e-01,9.951183586270753167e-01,9.962650078195817160e-01,9.834924778608240548e-01,9.876579490554501239e-01,9.933192582417871286e-01,9.923408221317557842e-01
9.946945427172524390e-01,9.915921633371085342e-01,9.971126170559356794e-01,9.947406010592355630e-01,9.954633741850974493e-01,9.960241413414516742e-01,9.969761894333309948e-01,9.904153891787867980e-01,9.996244091326075276e-01,9.930348664315431506e-01,9.995383804542031791e-01,9.960908019656917745e-01,1.000000000000000000e+00,9.887351002979186676e-01,9.959922247199582968e-01,9.939180889383807394e-01,9.957885415783722660e-01,9.943434914661564150e-01,9.960225785844775137e-01,9.994742213948500931e-01,9.988762729251997596e-01,9.877554874848369915e-01,9.958770872437557875e-01,9.967442973818050334e-01,9.959408234512626690e-01,5.702047131514996758e-01,9.950528384419871086e-01,9.926337804817406685e-01,9.908837588083974079e-01,9.961571611153684502e-01,9.919705198851834771e-01,9.904196315678854834e-01,9.981224556368292200e-01,9.962145690675217047e-01,9.963648582268984644e-01,9.931153120655465960e-01,9.988090489398985250e-01,9.969228878694956775e-01,9.959917970785139296e-01,9.958732915844793476e-01,9.913759462650006959e-01,9.937213350523149691e-01,9.942045947173605569e-01,9.973465724267205346e-01,9.962497049757864653e-01,9.948004829217257372e-01,9.960123557204382250e-01,9.938818154693926932e-01,9.986454119541120500e-01,9.979175709032894748e-01,9.985781392825271441e-01,9.999193708097459110e-01,9.975200476575722952e-01,9.979685068481568555e-01,9.998439675841943597e-01,9.860161836785221734e-01,9.948764380100530991e-01,9.920454105323962546e-01,9.947038438062222321e-01,9.958485468941139507e-01
9.918815533421031505e-01,9.986901464834478936e-01,9.955702125192170682e-01,9.810519901873147042e-01,9.980137198124328091e-01,9.912507836691349938e-01,9.752381951081940947e-01,9.999174950372520243e-01,9.864990286331921654e-01,9.985978816812070002e-01,9.890231570436486264e-01,9.873203774625021190e-01,9.887351002979186676e-01,1.000000000000000000e+00,9.873390338593552862e-01,9.843982651119883576e-01,9.973756680488257143e-01,9.926907198640622099e-01,9.923743010661800756e-01,9.889025724227417102e-01,9.926975719150102906e-01,9.912204688783714523e-01,9.980389802319743486e-01,9.954295888049223828e-01,9.899465549139315756e-01,6.596688326899934340e-01,9.923785929022076457e-01,9.989195609861548641e-01,9.998681915316964819e-01,9.914711458602751826e-01,9.996925801017999547e-01,9.998607471263819546e-01,9.846296995852777956e-01,9.935987214469780282e-01,9.974875666873987967e-01,9.965114036818625287e-01,9.856370193194518015e-01,9.947985042750748796e-01,9.975071785112791245e-01,9.785608497992628330e-01,9.789902415994147233e-01,9.988875835607469167e-01,9.683455590467670016e-01,9.945109883099565451e-01,9.965440468251248740e-01,9.703534635165764755e-01,9.882559932066030672e-01,9.989969987652271843e-01,9.799108561073406332e-01,9.864134184230867186e-01,9.934991673534505630e-01,9.870400225246334092e-01,9.840512618082297713e-01,9.805114443962145154e-01,9.864034659145819450e-01,9.836969452836096250e-01,9.891396265113135966e-01,9.983795137132646103e-01,9.987396176470306752e-01,9.979552244626366253e-01
9.989828186971021484e-01,9.919006670743903964e-01,9.920599754246535174e-01,9.816991103566506949e-01,9.949887754122729300e-01,9.990194782942468654e-01,9.890262397767738412e-01,9.890869192158161516e-01,9.974892017388815590e-01,9.887890189383826689e-01,9.952473139537310054e-01,9.862221579181141839e-01,9.959922247199582968e-01,9.873390338593552862e-01,1.000000000000000000e+00,9.996231163983997359e-01,9.953845600063029320e-01,9.988210822274945500e-01,9.981365218031676978e-01,9.961233593368619132e-01,9.983153097135670784e-01,9.898961625448127188e-01,9.942299027015605306e-01,9.908149549657339072e-01,9.979120111917936242e-01,6.077520958322389921e-01,9.964158773146086778e-01,9.926738750070054351e-01,9.896861273029803341e-01,9.994737214866513675e-01,9.907507914769979607e-01,9.897899025374502502e-01,9.908801589340400229e-01,9.927963814903741913e-01,9.944348320136544572e-01,9.945889257340403411e-01,9.934015644900492381e-01,9.982974912768437514e-01,9.937062586338546444e-01,9.949206310455848135e-01,9.923250049423261165e-01,9.901673750430504128e-01,9.850009983980890782e-01,9.924976974431882759e-01,9.901137670383444167e-01,9.871985176543778273e-01,9.969666955742050307e-01,9.931979304883065129e-01,9.950030673948101478e-01,9.975151244104334403e-01,9.950281106874618864e-01,9.960654719898496268e-01,9.990229764922418099e-01,9.908431131733037578e-01,9.964471897155877667e-01,9.703951108045899554e-01,9.988467985895290724e-01,9.939783380698345994e-01,9.923034521406574049e-01,9.950054725851806836e-01
9.986711541384966084e-01,9.902315107993506782e-01,9.885669018551488385e-01,9.779598829905696844e-01,9.930075725881839510e-01,9.986992395945195611e-01,9.865407253976121726e-01,9.862051434541977413e-01,9.958770878608661503e-01,9.860254722606640598e-01,9.925463456304326471e-01,9.835102659868162345e-01,9.939180889383807394e-01,9.843982651119883576e-01,9.996231163983997359e-01,1.000000000000000000e+00,9.936904036133901164e-01,9.978706330053392914e-01,9.962512863384409556e-01,9.936146495100981468e-01,9.968088360008406923e-01,9.863834480386564074e-01,9.916085829634871951e-01,9.871250896740972891e-01,9.959169398828102704e-01,6.162914998952216949e-01,9.939193712702830696e-01,9.907873980957166982e-01,9.869058086884655578e-01,9.984416444971343507e-01,9.881351947933878499e-01,9.871039865522983625e-01,9.890458202082744732e-01,9.891702772053807546e-01,9.916842074638076987e-01,9.936694253259753529e-01,9.903525776690685900e-01,9.969380937655288877e-01,9.907183597367699157e-01,9.927740857987690237e-01,9.894674494518699293e-01,9.868218938645985094e-01,9.823809015584366033e-01,9.903902942147070343e-01,9.867310602940077002e-01,9.844065117393742126e-01,9.946326134502081473e-01,9.909517966519425514e-01,9.935771560829298465e-01,9.954444616137614332e-01,9.920713923239827814e-01,9.940400100650277349e-01,9.980222634752556887e-01,9.877733808594746368e-01,9.946962353569742676e-01,9.660715224874483198e-01,9.975154313728324951e-01,9.923664987754965416e-01,9.898369678423982743e-01,9.928628988593338756e-01
9.978147243868181748e-01,9.992455093622042428e-01,9.971583200362836852e-01,9.870620549601545335e-01,9.999050922235708239e-01,9.979475441062739538e-01,9.857607480555545809e-01,9.980359161569928306e-01,9.947957313074818897e-01,9.984350576595977245e-01,9.949867441855551053e-01,9.927496124796278965e-01,9.957885415783722660e-01,9.973756680488257143e-01,9.953845600063029320e-01,9.936904036133901164e-01,1.000000000000000000e+00,9.973529170210055916e-01,9.966400183476150643e-01,9.951114315113509523e-01,9.984890172233579220e-01,9.906666898786741227e-01,9.992773227550466597e-01,9.966984629847703836e-01,9.949496124984725798e-01,6.394195532259386860e-01,9.955007099095973810e-01,9.995088519848093211e-01,9.983109678763530948e-01,9.972019739291400064e-01,9.988277380547769813e-01,9.982377193644901281e-01,9.929045664560910422e-01,9.953660353696758278e-01,9.989564574574467670e-01,9.994014937005520904e-01,9.921672538333672353e-01,9.992031427096758067e-01,9.985284589498250041e-01,9.876752464368430129e-01,9.852634468501844101e-01,9.981016040328901662e-01,9.802520160354679657e-01,9.983794072254212892e-01,9.976137880371183098e-01,9.814687602186491500e-01,9.935047104477076063e-01,9.995825475814222871e-01,9.905811661556088721e-01,9.934521167248089313e-01,9.970735167144376687e-01,9.947554707236340166e-01,9.931614029005657596e-01,9.886578731584396706e-01,9.946727073001923047e-01,9.847208597815529929e-01,9.948494743981495247e-01,9.992534472248619792e-01,9.994929234635601123e-01,9.998146691013126697e-01
9.993525136779092266e-01,9.954142422182146177e-01,9.939291970429438017e-01,9.794723973502923453e-01,9.974187479303985304e-01,9.987050662078941210e-01,9.843736237055412674e-01,9.939327864839319071e-01,9.952412265656068735e-01,9.921183636845025688e-01,9.942281431283184201e-01,9.849566578977246856e-01,9.943434914661564150e-01,9.926907198640622099e-01,9.988210822274945500e-01,9.978706330053392914e-01,9.973529170210055916e-01,1.000000000000000000e+00,9.991722431289608020e-01,9.950675223907747835e-01,9.980488459628692466e-01,9.940437273846940425e-01,9.968805825361097828e-01,9.927780475512144598e-01,9.983837325134878871e-01,6.303613232591377402e-01,9.980690617383555230e-01,9.960975422696718429e-01,9.943352394227403801e-01,9.997531867112012804e-01,9.949375163204006167e-01,9.945640713390918597e-01,9.880395913913108119e-01,9.946881024908572622e-01,9.968674600279170406e-01,9.967065590803361186e-01,9.917864531882373269e-01,9.992547142057058851e-01,9.963742021895876100e-01,9.921017934952109929e-01,9.915955800072674409e-01,9.939126498957355782e-01,9.791839685550953742e-01,9.930177562514893586e-01,9.922519210993439032e-01,9.820936169311514918e-01,9.970880951289213812e-01,9.964829417257673461e-01,9.909223309781365341e-01,9.962643787041695065e-01,9.957476436206572634e-01,9.939687854066557859e-01,9.966975648285498757e-01,9.878758886970219200e-01,9.940554343810055205e-01,9.713063641666890291e-01,9.991517057894773179e-01,9.974548702017511648e-01,9.952424333883924668e-01,9.973893454993884022e-01
9.975948265047817065e-01,9.938177887929732224e-01,9.962743728185955439e-01,9.833308906961069074e-01,9.970291611132758858e-01,9.971316445011427776e-01,9.880734503047536865e-01,9.938190883794508768e-01,9.966760327599094582e-01,9.921010941461511079e-01,9.968280435214160740e-01,9.865904925678644632e-01,9.960225785844775137e-01,9.923743010661800756e-01,9.981365218031676978e-01,9.962512863384409556e-01,9.966400183476150643e-01,9.991722431289608020e-01,1.000000000000000000e+00,9.974627198795249505e-01,9.983112607576708486e-01,9.964965754146595245e-01,9.975154507922283642e-01,9.953158219155588959e-01,9.997853189330789814e-01,6.030873508570333552e-01,9.996955314391308134e-01,9.949785852644226214e-01,9.941496736956930702e-01,9.994344853026336795e-01,9.946770745284848614e-01,9.942097961928031413e-01,9.892874037000422005e-01,9.976543581169396990e-01,9.978666481381551767e-01,9.945892710043164886e-01,9.953052933353720988e-01,9.988175348317267499e-01,9.976729042631271582e-01,9.953372629279303441e-01,9.954689633236024626e-01,9.950530528959108389e-01,9.836742718665657526e-01,9.932148369798375898e-01,9.939593107311276432e-01,9.868375770521521373e-01,9.992496685208830387e-01,9.960910951567422122e-01,9.928104409745290848e-01,9.984363644143250394e-01,9.979546389817829377e-01,9.958596861306702186e-01,9.975968830954730082e-01,9.919520805653926354e-01,9.956255374133698988e-01,9.739344596740153737e-01,9.996160772138864559e-01,9.960918538205023598e-01,9.951986496618833167e-01,9.973071595190806660e-01
9.942747418546743488e-01,9.906948102911774523e-01,9.977001976892638790e-01,9.930055763391493207e-01,9.951797190035317486e-01,9.951651385472494171e-01,9.962804168944459082e-01,9.906773271842319595e-01,9.993747082999050457e-01,9.920088595500710094e-01,9.999402702605595383e-01,9.935753036823620210e-01,9.994742213948500931e-01,9.889025724227417102e-01,9.961233593368619132e-01,9.936146495100981468e-01,9.951114315113509523e-01,9.950675223907747835e-01,9.974627198795249505e-01,1.000000000000000000e+00,9.985351006582238176e-01,9.914979954056666323e-01,9.962118502245025375e-01,9.972324356045416671e-01,9.977416162120144039e-01,5.625758809869743082e-01,9.971391079004302549e-01,9.920749995820682399e-01,9.910756224713909157e-01,9.967448662475369980e-01,9.919723698787317190e-01,9.906789027048084062e-01,9.957760406757355520e-01,9.979670560957856207e-01,9.968950718001940992e-01,9.917934146812149576e-01,9.995533166849955853e-01,9.968842325853097819e-01,9.967394828844687860e-01,9.976112266186403232e-01,9.948842440352120287e-01,9.941359746738384073e-01,9.935457992495906332e-01,9.956398869879727886e-01,9.959187379270276752e-01,9.951106633598103546e-01,9.980976759950885846e-01,9.937285676817604330e-01,9.978632339761677184e-01,9.992111661117301091e-01,9.992813899716816994e-01,9.995411795022904888e-01,9.980097137904366811e-01,9.983209606156950855e-01,9.992492688922386401e-01,9.829685837778354696e-01,9.964425533215941488e-01,9.919262892035651813e-01,9.942008433478384255e-01,9.957176690498817928e-01
9.983245693564117840e-01,9.956348724501815628e-01,9.971986074428583757e-01,9.898942628933377064e-01,9.982430599006044680e-01,9.988730033327555269e-01,9.923880446892092699e-01,9.940586968380503707e-01,9.988195474281001962e-01,9.950615263792960130e-01,9.982710019028681048e-01,9.935421738399304870e-01,9.988762729251997596e-01,9.926975719150102906e-01,9.983153097135670784e-01,9.968088360008406923e-01,9.984890172233579220e-01,9.980488459628692466e-01,9.983112607576708486e-01,9.985351006582238176e-01,1.000000000000000000e+00,9.909394592099298738e-01,9.980166218543846668e-01,9.965530647514072582e-01,9.976652579198916904e-01,6.043263758771676430e-01,9.971115472948779423e-01,9.963591975000979373e-01,9.944944323766705674e-01,9.988746430049585401e-01,9.953736094223146758e-01,9.943212430580159467e-01,9.956708752849215971e-01,9.965073615951338670e-01,9.981643956910035698e-01,9.969942392696764522e-01,9.965456103585991210e-01,9.994934321383167619e-01,9.976864067218672583e-01,9.943538561959821553e-01,9.911722755455983913e-01,9.956708878872650992e-01,9.883445224598437218e-01,9.976996483395678128e-01,9.964342495868173666e-01,9.896425187963456827e-01,9.969602115292212074e-01,9.970348926421737090e-01,9.963024481083745387e-01,9.977911316503325079e-01,9.985598243634630222e-01,9.985233477395341062e-01,9.979084671936986339e-01,9.943086969915000406e-01,9.985590629925396033e-01,9.825396311562606400e-01,9.974612003909578695e-01,9.964252572846885592e-01,9.970601775172631687e-01,9.983750150384256283e-01
9.897098564125282882e-01,9.887256275955833562e-01,9.934157375602915563e-01,9.742093899932994239e-01,9.921978326269275117e-01,9.880884353077006299e-01,9.776020660835914589e-01,9.923547643400784102e-01,9.879932217222402446e-01,9.875148927169420388e-01,9.908611868148275992e-01,9.762830410763890798e-01,9.877554874848369915e-01,9.912204688783714523e-01,9.898961625448127188e-01,9.863834480386564074e-01,9.906666898786741227e-01,9.940437273846940425e-01,9.964965754146595245e-01,9.914979954056666323e-01,9.909394592099298738e-01,1.000000000000000000e+00,9.942306718000429866e-01,9.925408467831313697e-01,9.964527812093835202e-01,5.984030178044142945e-01,9.980709728785193136e-01,9.904627525631800600e-01,9.923522267041364753e-01,9.934699803710479449e-01,9.921172947953206256e-01,9.925358115091311717e-01,9.773242003224071883e-01,9.965944949108209716e-01,9.947911600080685535e-01,9.872290366227693958e-01,9.896471937721499357e-01,9.927192967645562804e-01,9.952755167850151352e-01,9.895112018550759059e-01,9.943674101946123889e-01,9.932961369060057111e-01,9.724894622137963962e-01,9.849604816206493085e-01,9.899100168282417567e-01,9.777167894717196939e-01,9.963177708411166122e-01,9.923183890720235212e-01,9.818237301238958992e-01,9.930991718968897874e-01,9.939567034991265704e-01,9.874244411391351894e-01,9.894615075957079453e-01,9.847184817798385614e-01,9.864426433807776951e-01,9.658512551243474409e-01,9.953159970959642999e-01,9.920406175454118403e-01,9.908221785456819974e-01,9.927810921427745461e-01
9.961006863784576115e-01,9.982137074636634466e-01,9.989440177158673828e-01,9.880447859557267565e-01,9.996555138183698119e-01,9.960334402481150207e-01,9.864404969045199589e-01,9.987500083161623410e-01,9.946783106938043018e-01,9.983792745915278655e-01,9.961887232932860048e-01,9.921691398374090642e-01,9.958770872437557875e-01,9.980389802319743486e-01,9.942299027015605306e-01,9.916085829634871951e-01,9.992773227550466597e-01,9.968805825361097828e-01,9.975154507922283642e-01,9.962118502245025375e-01,9.980166218543846668e-01,9.942306718000429866e-01,1.000000000000000000e+00,9.986003194122397009e-01,9.962115697846939399e-01,6.232853805932514479e-01,9.973008961272536999e-01,9.989024987597000527e-01,9.989037254766179874e-01,9.968090903621642518e-01,9.991896162104095813e-01,9.987711204756062333e-01,9.917498953817160956e-01,9.980055994766903193e-01,9.999452502876969850e-01,9.975289658923623959e-01,9.939750938539347880e-01,9.986606833790125926e-01,9.998558071939335212e-01,9.893719335413996285e-01,9.885408913396516173e-01,9.994566405453073621e-01,9.812043304262559884e-01,9.975486071388239839e-01,9.986949595910387112e-01,9.831177316326548121e-01,9.953018046194302970e-01,9.995833479238691588e-01,9.901393333594300517e-01,9.946382100288254646e-01,9.985343372341460855e-01,9.949350369421635643e-01,9.929362313620307967e-01,9.903775412698954117e-01,9.944856852513097589e-01,9.851391534256915827e-01,9.953523181082916116e-01,9.986565080447916687e-01,9.995178827395020393e-01,9.998179569386952403e-01
9.915897578096579679e-01,9.945301985140978518e-01,9.999450458358489779e-01,9.934418837201876018e-01,9.972299297476027169e-01,9.921942287552572015e-01,9.905153296923893125e-01,9.963454219236813625e-01,9.948824453460465289e-01,9.972726834053797784e-01,9.976467224701421888e-01,9.948596007710983624e-01,9.967442973818050334e-01,9.954295888049223828e-01,9.908149549657339072e-01,9.871250896740972891e-01,9.966984629847703836e-01,9.927780475512144598e-01,9.953158219155588959e-01,9.972324356045416671e-01,9.965530647514072582e-01,9.925408467831313697e-01,9.986003194122397009e-01,1.000000000000000000e+00,9.945476513256558126e-01,5.874808628286215528e-01,9.957667360799831169e-01,9.956406370285517671e-01,9.964442675751834511e-01,9.935914449360613299e-01,9.967718794290790774e-01,9.959906019241155928e-01,9.936140664103539910e-01,9.988840963534133532e-01,9.989213657937120461e-01,9.933747147989455684e-01,9.965251242064651072e-01,9.958710917876760771e-01,9.991049740510727917e-01,9.905057105301130482e-01,9.890958271915479827e-01,9.988177664133739420e-01,9.864405175291897088e-01,9.973002230848595495e-01,9.995757590943041837e-01,9.878648401304458426e-01,9.945436924250382615e-01,9.970676759175540749e-01,9.914842886031824953e-01,9.945842780086258106e-01,9.991637909838324560e-01,9.959773624845794648e-01,9.916106068375507565e-01,9.941166446296163528e-01,9.952195172931055378e-01,9.899875966190470056e-01,9.924414131168078912e-01,9.946034382778913274e-01,9.978596177354529528e-01,9.977261825016717767e-01
9.964531841489062680e-01,9.913870325326865629e-01,9.955610337327420734e-01,9.831606491201224651e-01,9.953971096344862435e-01,9.960480270389165947e-01,9.892005667017632620e-01,9.916333967089522305e-01,9.968996725936872805e-01,9.898632641462338233e-01,9.970619818242048016e-01,9.854630272745589226e-01,9.959408234512626690e-01,9.899465549139315756e-01,9.979120111917936242e-01,9.959169398828102704e-01,9.949496124984725798e-01,9.983837325134878871e-01,9.997853189330789814e-01,9.977416162120144039e-01,9.976652579198916904e-01,9.964527812093835202e-01,9.962115697846939399e-01,9.945476513256558126e-01,1.000000000000000000e+00,5.881385304444251005e-01,9.996577674945651415e-01,9.927902328449548230e-01,9.919914141692749432e-01,9.989557549005766424e-01,9.925829399088859084e-01,9.920190482742017313e-01,9.887369447832087266e-01,9.975404818191206946e-01,9.967710726417008393e-01,9.923861376716485161e-01,9.960129563770419026e-01,9.978024347425172857e-01,9.966310206117294790e-01,9.968852267741100670e-01,9.971794931447014454e-01,9.934672128259200985e-01,9.853188578185836377e-01,9.916645430666660710e-01,9.926569948209112981e-01,9.887077184317185630e-01,9.998068374047304196e-01,9.942223797042956113e-01,9.934819848949387744e-01,9.991082587532672532e-01,9.976760944393240349e-01,9.960263398928276279e-01,9.981227477836281947e-01,9.930173513206672631e-01,9.957574278061925854e-01,9.719326494103437408e-01,9.996701167019182988e-01,9.940573377672070610e-01,9.933313040156374063e-01,9.957974450480356898e-01
6.393042425970706377e-01,6.656492284609388799e-01,5.896275617617902087e-01,5.297893189969381522e-01,6.379085479613072485e-01,6.315167485246833134e-01,5.087239751274402755e-01,6.525731982739947368e-01,5.675825738947506416e-01,6.405003287623456387e-01,5.600041293770482431e-01,5.756394090073363445e-01,5.702047131514996758e-01,6.596688326899934340e-01,6.077520958322389921e-01,6.162914998952216949e-01,6.394195532259386860e-01,6.303613232591377402e-01,6.030873508570333552e-01,5.625758809869743082e-01,6.043263758771676430e-01,5.984030178044142945e-01,6.232853805932514479e-01,5.874808628286215528e-01,5.881385304444251005e-01,1.000000000000000000e+00,5.948474582082654560e-01,6.574301851901236393e-01,6.522251162668339930e-01,6.152525413109706243e-01,6.499840659978614044e-01,6.556311518373173497e-01,5.675911262080787223e-01,5.776215011846167480e-01,6.155149035524096757e-01,6.621229087122282309e-01,5.390329767232703295e-01,6.251003772385510526e-01,6.124984447445758207e-01,5.284490804959995902e-01,5.325878590225547882e-01,6.243978305533276485e-01,4.836236516864478308e-01,6.142728391570670965e-01,6.031589677466122623e-01,4.851341118294016930e-01,5.725606793274656825e-01,6.448835622358994879e-01,5.434457035596366170e-01,5.618927416326580104e-01,5.815278414732708567e-01,5.623497261936918346e-01,5.725772533100864647e-01,5.176930811609753436e-01,5.648522739572384710e-01,5.756938564130839042e-01,6.008529268668342249e-01,6.605924519159031005e-01,6.373043937498326095e-01,6.326688758455728534e-01
